0	0	False
0	1	False
0	2	False
0	3	False
0	4	False
0	5	False
0	6	False
0	7	False
0	8	False
0	9	False
0	10	False
0	11	False
0	12	False
0	13	False
0	14	False
0	15	False
0	16	False
0	17	False
0	18	False
0	19	False
0	20	False
0	21	False
0	22	False
0	23	False
0	24	False
0	25	False
0	26	False
0	27	False
0	28	False
1	0	0
1	1	1
1	2	2
1	3	3
1	4	4
1	5	5
1	6	6
1	7	7
1	8	8
1	9	9
1	10	10
1	11	11
1	12	12
1	13	13
1	14	14
1	15	15
1	16	16
1	17	17
1	18	18
1	19	19
1	20	20
1	21	21
1	22	22
1	23	23
1	24	24
1	25	25
1	26	26
1	27	27
1	28	28
2	0	0
2	1	15
2	2	1
2	3	16
2	4	2
2	5	17
2	6	3
2	7	18
2	8	4
2	9	19
2	10	5
2	11	20
2	12	6
2	13	21
2	14	7
2	15	22
2	16	8
2	17	23
2	18	9
2	19	24
2	20	10
2	21	25
2	22	11
2	23	26
2	24	12
2	25	27
2	26	13
2	27	28
2	28	14
3	0	0
3	1	10
3	2	20
3	3	1
3	4	11
3	5	21
3	6	2
3	7	12
3	8	22
3	9	3
3	10	13
3	11	23
3	12	4
3	13	14
3	14	24
3	15	5
3	16	15
3	17	25
3	18	6
3	19	16
3	20	26
3	21	7
3	22	17
3	23	27
3	24	8
3	25	18
3	26	28
3	27	9
3	28	19
4	0	0
4	1	22
4	2	15
4	3	8
4	4	1
4	5	23
4	6	16
4	7	9
4	8	2
4	9	24
4	10	17
4	11	10
4	12	3
4	13	25
4	14	18
4	15	11
4	16	4
4	17	26
4	18	19
4	19	12
4	20	5
4	21	27
4	22	20
4	23	13
4	24	6
4	25	28
4	26	21
4	27	14
4	28	7
5	0	0
5	1	6
5	2	12
5	3	18
5	4	24
5	5	1
5	6	7
5	7	13
5	8	19
5	9	25
5	10	2
5	11	8
5	12	14
5	13	20
5	14	26
5	15	3
5	16	9
5	17	15
5	18	21
5	19	27
5	20	4
5	21	10
5	22	16
5	23	22
5	24	28
5	25	5
5	26	11
5	27	17
5	28	23
6	0	0
6	1	5
6	2	10
6	3	15
6	4	20
6	5	25
6	6	1
6	7	6
6	8	11
6	9	16
6	10	21
6	11	26
6	12	2
6	13	7
6	14	12
6	15	17
6	16	22
6	17	27
6	18	3
6	19	8
6	20	13
6	21	18
6	22	23
6	23	28
6	24	4
6	25	9
6	26	14
6	27	19
6	28	24
7	0	0
7	1	25
7	2	21
7	3	17
7	4	13
7	5	9
7	6	5
7	7	1
7	8	26
7	9	22
7	10	18
7	11	14
7	12	10
7	13	6
7	14	2
7	15	27
7	16	23
7	17	19
7	18	15
7	19	11
7	20	7
7	21	3
7	22	28
7	23	24
7	24	20
7	25	16
7	26	12
7	27	8
7	28	4
8	0	0
8	1	11
8	2	22
8	3	4
8	4	15
8	5	26
8	6	8
8	7	19
8	8	1
8	9	12
8	10	23
8	11	5
8	12	16
8	13	27
8	14	9
8	15	20
8	16	2
8	17	13
8	18	24
8	19	6
8	20	17
8	21	28
8	22	10
8	23	21
8	24	3
8	25	14
8	26	25
8	27	7
8	28	18
9	0	0
9	1	13
9	2	26
9	3	10
9	4	23
9	5	7
9	6	20
9	7	4
9	8	17
9	9	1
9	10	14
9	11	27
9	12	11
9	13	24
9	14	8
9	15	21
9	16	5
9	17	18
9	18	2
9	19	15
9	20	28
9	21	12
9	22	25
9	23	9
9	24	22
9	25	6
9	26	19
9	27	3
9	28	16
10	0	0
10	1	3
10	2	6
10	3	9
10	4	12
10	5	15
10	6	18
10	7	21
10	8	24
10	9	27
10	10	1
10	11	4
10	12	7
10	13	10
10	14	13
10	15	16
10	16	19
10	17	22
10	18	25
10	19	28
10	20	2
10	21	5
10	22	8
10	23	11
10	24	14
10	25	17
10	26	20
10	27	23
10	28	26
11	0	0
11	1	8
11	2	16
11	3	24
11	4	3
11	5	11
11	6	19
11	7	27
11	8	6
11	9	14
11	10	22
11	11	1
11	12	9
11	13	17
11	14	25
11	15	4
11	16	12
11	17	20
11	18	28
11	19	7
11	20	15
11	21	23
11	22	2
11	23	10
11	24	18
11	25	26
11	26	5
11	27	13
11	28	21
12	0	0
12	1	17
12	2	5
12	3	22
12	4	10
12	5	27
12	6	15
12	7	3
12	8	20
12	9	8
12	10	25
12	11	13
12	12	1
12	13	18
12	14	6
12	15	23
12	16	11
12	17	28
12	18	16
12	19	4
12	20	21
12	21	9
12	22	26
12	23	14
12	24	2
12	25	19
12	26	7
12	27	24
12	28	12
13	0	0
13	1	9
13	2	18
13	3	27
13	4	7
13	5	16
13	6	25
13	7	5
13	8	14
13	9	23
13	10	3
13	11	12
13	12	21
13	13	1
13	14	10
13	15	19
13	16	28
13	17	8
13	18	17
13	19	26
13	20	6
13	21	15
13	22	24
13	23	4
13	24	13
13	25	22
13	26	2
13	27	11
13	28	20
14	0	0
14	1	27
14	2	25
14	3	23
14	4	21
14	5	19
14	6	17
14	7	15
14	8	13
14	9	11
14	10	9
14	11	7
14	12	5
14	13	3
14	14	1
14	15	28
14	16	26
14	17	24
14	18	22
14	19	20
14	20	18
14	21	16
14	22	14
14	23	12
14	24	10
14	25	8
14	26	6
14	27	4
14	28	2
15	0	0
15	1	2
15	2	4
15	3	6
15	4	8
15	5	10
15	6	12
15	7	14
15	8	16
15	9	18
15	10	20
15	11	22
15	12	24
15	13	26
15	14	28
15	15	1
15	16	3
15	17	5
15	18	7
15	19	9
15	20	11
15	21	13
15	22	15
15	23	17
15	24	19
15	25	21
15	26	23
15	27	25
15	28	27
16	0	0
16	1	20
16	2	11
16	3	2
16	4	22
16	5	13
16	6	4
16	7	24
16	8	15
16	9	6
16	10	26
16	11	17
16	12	8
16	13	28
16	14	19
16	15	10
16	16	1
16	17	21
16	18	12
16	19	3
16	20	23
16	21	14
16	22	5
16	23	25
16	24	16
16	25	7
16	26	27
16	27	18
16	28	9
17	0	0
17	1	12
17	2	24
17	3	7
17	4	19
17	5	2
17	6	14
17	7	26
17	8	9
17	9	21
17	10	4
17	11	16
17	12	28
17	13	11
17	14	23
17	15	6
17	16	18
17	17	1
17	18	13
17	19	25
17	20	8
17	21	20
17	22	3
17	23	15
17	24	27
17	25	10
17	26	22
17	27	5
17	28	17
18	0	0
18	1	21
18	2	13
18	3	5
18	4	26
18	5	18
18	6	10
18	7	2
18	8	23
18	9	15
18	10	7
18	11	28
18	12	20
18	13	12
18	14	4
18	15	25
18	16	17
18	17	9
18	18	1
18	19	22
18	20	14
18	21	6
18	22	27
18	23	19
18	24	11
18	25	3
18	26	24
18	27	16
18	28	8
19	0	0
19	1	26
19	2	23
19	3	20
19	4	17
19	5	14
19	6	11
19	7	8
19	8	5
19	9	2
19	10	28
19	11	25
19	12	22
19	13	19
19	14	16
19	15	13
19	16	10
19	17	7
19	18	4
19	19	1
19	20	27
19	21	24
19	22	21
19	23	18
19	24	15
19	25	12
19	26	9
19	27	6
19	28	3
20	0	0
20	1	16
20	2	3
20	3	19
20	4	6
20	5	22
20	6	9
20	7	25
20	8	12
20	9	28
20	10	15
20	11	2
20	12	18
20	13	5
20	14	21
20	15	8
20	16	24
20	17	11
20	18	27
20	19	14
20	20	1
20	21	17
20	22	4
20	23	20
20	24	7
20	25	23
20	26	10
20	27	26
20	28	13
21	0	0
21	1	18
21	2	7
21	3	25
21	4	14
21	5	3
21	6	21
21	7	10
21	8	28
21	9	17
21	10	6
21	11	24
21	12	13
21	13	2
21	14	20
21	15	9
21	16	27
21	17	16
21	18	5
21	19	23
21	20	12
21	21	1
21	22	19
21	23	8
21	24	26
21	25	15
21	26	4
21	27	22
21	28	11
22	0	0
22	1	4
22	2	8
22	3	12
22	4	16
22	5	20
22	6	24
22	7	28
22	8	3
22	9	7
22	10	11
22	11	15
22	12	19
22	13	23
22	14	27
22	15	2
22	16	6
22	17	10
22	18	14
22	19	18
22	20	22
22	21	26
22	22	1
22	23	5
22	24	9
22	25	13
22	26	17
22	27	21
22	28	25
23	0	0
23	1	24
23	2	19
23	3	14
23	4	9
23	5	4
23	6	28
23	7	23
23	8	18
23	9	13
23	10	8
23	11	3
23	12	27
23	13	22
23	14	17
23	15	12
23	16	7
23	17	2
23	18	26
23	19	21
23	20	16
23	21	11
23	22	6
23	23	1
23	24	25
23	25	20
23	26	15
23	27	10
23	28	5
24	0	0
24	1	23
24	2	17
24	3	11
24	4	5
24	5	28
24	6	22
24	7	16
24	8	10
24	9	4
24	10	27
24	11	21
24	12	15
24	13	9
24	14	3
24	15	26
24	16	20
24	17	14
24	18	8
24	19	2
24	20	25
24	21	19
24	22	13
24	23	7
24	24	1
24	25	24
24	26	18
24	27	12
24	28	6
25	0	0
25	1	7
25	2	14
25	3	21
25	4	28
25	5	6
25	6	13
25	7	20
25	8	27
25	9	5
25	10	12
25	11	19
25	12	26
25	13	4
25	14	11
25	15	18
25	16	25
25	17	3
25	18	10
25	19	17
25	20	24
25	21	2
25	22	9
25	23	16
25	24	23
25	25	1
25	26	8
25	27	15
25	28	22
26	0	0
26	1	19
26	2	9
26	3	28
26	4	18
26	5	8
26	6	27
26	7	17
26	8	7
26	9	26
26	10	16
26	11	6
26	12	25
26	13	15
26	14	5
26	15	24
26	16	14
26	17	4
26	18	23
26	19	13
26	20	3
26	21	22
26	22	12
26	23	2
26	24	21
26	25	11
26	26	1
26	27	20
26	28	10
27	0	0
27	1	14
27	2	28
27	3	13
27	4	27
27	5	12
27	6	26
27	7	11
27	8	25
27	9	10
27	10	24
27	11	9
27	12	23
27	13	8
27	14	22
27	15	7
27	16	21
27	17	6
27	18	20
27	19	5
27	20	19
27	21	4
27	22	18
27	23	3
27	24	17
27	25	2
27	26	16
27	27	1
27	28	15
28	0	0
28	1	28
28	2	27
28	3	26
28	4	25
28	5	24
28	6	23
28	7	22
28	8	21
28	9	20
28	10	19
28	11	18
28	12	17
28	13	16
28	14	15
28	15	14
28	16	13
28	17	12
28	18	11
28	19	10
28	20	9
28	21	8
28	22	7
28	23	6
28	24	5
28	25	4
28	26	3
28	27	2
28	28	1