0	0	0
0	1	1
0	2	2
0	3	3
0	4	4
0	5	5
0	6	6
0	7	7
0	8	8
0	9	9
0	10	10
0	11	11
0	12	12
0	13	13
0	14	14
0	15	15
0	16	16
0	17	17
0	18	18
0	19	19
0	20	20
0	21	21
0	22	22
0	23	23
0	24	24
0	25	25
0	26	26
0	27	27
0	28	28
1	0	28
1	1	0
1	2	1
1	3	2
1	4	3
1	5	4
1	6	5
1	7	6
1	8	7
1	9	8
1	10	9
1	11	10
1	12	11
1	13	12
1	14	13
1	15	14
1	16	15
1	17	16
1	18	17
1	19	18
1	20	19
1	21	20
1	22	21
1	23	22
1	24	23
1	25	24
1	26	25
1	27	26
1	28	27
2	0	27
2	1	28
2	2	0
2	3	1
2	4	2
2	5	3
2	6	4
2	7	5
2	8	6
2	9	7
2	10	8
2	11	9
2	12	10
2	13	11
2	14	12
2	15	13
2	16	14
2	17	15
2	18	16
2	19	17
2	20	18
2	21	19
2	22	20
2	23	21
2	24	22
2	25	23
2	26	24
2	27	25
2	28	26
3	0	26
3	1	27
3	2	28
3	3	0
3	4	1
3	5	2
3	6	3
3	7	4
3	8	5
3	9	6
3	10	7
3	11	8
3	12	9
3	13	10
3	14	11
3	15	12
3	16	13
3	17	14
3	18	15
3	19	16
3	20	17
3	21	18
3	22	19
3	23	20
3	24	21
3	25	22
3	26	23
3	27	24
3	28	25
4	0	25
4	1	26
4	2	27
4	3	28
4	4	0
4	5	1
4	6	2
4	7	3
4	8	4
4	9	5
4	10	6
4	11	7
4	12	8
4	13	9
4	14	10
4	15	11
4	16	12
4	17	13
4	18	14
4	19	15
4	20	16
4	21	17
4	22	18
4	23	19
4	24	20
4	25	21
4	26	22
4	27	23
4	28	24
5	0	24
5	1	25
5	2	26
5	3	27
5	4	28
5	5	0
5	6	1
5	7	2
5	8	3
5	9	4
5	10	5
5	11	6
5	12	7
5	13	8
5	14	9
5	15	10
5	16	11
5	17	12
5	18	13
5	19	14
5	20	15
5	21	16
5	22	17
5	23	18
5	24	19
5	25	20
5	26	21
5	27	22
5	28	23
6	0	23
6	1	24
6	2	25
6	3	26
6	4	27
6	5	28
6	6	0
6	7	1
6	8	2
6	9	3
6	10	4
6	11	5
6	12	6
6	13	7
6	14	8
6	15	9
6	16	10
6	17	11
6	18	12
6	19	13
6	20	14
6	21	15
6	22	16
6	23	17
6	24	18
6	25	19
6	26	20
6	27	21
6	28	22
7	0	22
7	1	23
7	2	24
7	3	25
7	4	26
7	5	27
7	6	28
7	7	0
7	8	1
7	9	2
7	10	3
7	11	4
7	12	5
7	13	6
7	14	7
7	15	8
7	16	9
7	17	10
7	18	11
7	19	12
7	20	13
7	21	14
7	22	15
7	23	16
7	24	17
7	25	18
7	26	19
7	27	20
7	28	21
8	0	21
8	1	22
8	2	23
8	3	24
8	4	25
8	5	26
8	6	27
8	7	28
8	8	0
8	9	1
8	10	2
8	11	3
8	12	4
8	13	5
8	14	6
8	15	7
8	16	8
8	17	9
8	18	10
8	19	11
8	20	12
8	21	13
8	22	14
8	23	15
8	24	16
8	25	17
8	26	18
8	27	19
8	28	20
9	0	20
9	1	21
9	2	22
9	3	23
9	4	24
9	5	25
9	6	26
9	7	27
9	8	28
9	9	0
9	10	1
9	11	2
9	12	3
9	13	4
9	14	5
9	15	6
9	16	7
9	17	8
9	18	9
9	19	10
9	20	11
9	21	12
9	22	13
9	23	14
9	24	15
9	25	16
9	26	17
9	27	18
9	28	19
10	0	19
10	1	20
10	2	21
10	3	22
10	4	23
10	5	24
10	6	25
10	7	26
10	8	27
10	9	28
10	10	0
10	11	1
10	12	2
10	13	3
10	14	4
10	15	5
10	16	6
10	17	7
10	18	8
10	19	9
10	20	10
10	21	11
10	22	12
10	23	13
10	24	14
10	25	15
10	26	16
10	27	17
10	28	18
11	0	18
11	1	19
11	2	20
11	3	21
11	4	22
11	5	23
11	6	24
11	7	25
11	8	26
11	9	27
11	10	28
11	11	0
11	12	1
11	13	2
11	14	3
11	15	4
11	16	5
11	17	6
11	18	7
11	19	8
11	20	9
11	21	10
11	22	11
11	23	12
11	24	13
11	25	14
11	26	15
11	27	16
11	28	17
12	0	17
12	1	18
12	2	19
12	3	20
12	4	21
12	5	22
12	6	23
12	7	24
12	8	25
12	9	26
12	10	27
12	11	28
12	12	0
12	13	1
12	14	2
12	15	3
12	16	4
12	17	5
12	18	6
12	19	7
12	20	8
12	21	9
12	22	10
12	23	11
12	24	12
12	25	13
12	26	14
12	27	15
12	28	16
13	0	16
13	1	17
13	2	18
13	3	19
13	4	20
13	5	21
13	6	22
13	7	23
13	8	24
13	9	25
13	10	26
13	11	27
13	12	28
13	13	0
13	14	1
13	15	2
13	16	3
13	17	4
13	18	5
13	19	6
13	20	7
13	21	8
13	22	9
13	23	10
13	24	11
13	25	12
13	26	13
13	27	14
13	28	15
14	0	15
14	1	16
14	2	17
14	3	18
14	4	19
14	5	20
14	6	21
14	7	22
14	8	23
14	9	24
14	10	25
14	11	26
14	12	27
14	13	28
14	14	0
14	15	1
14	16	2
14	17	3
14	18	4
14	19	5
14	20	6
14	21	7
14	22	8
14	23	9
14	24	10
14	25	11
14	26	12
14	27	13
14	28	14
15	0	14
15	1	15
15	2	16
15	3	17
15	4	18
15	5	19
15	6	20
15	7	21
15	8	22
15	9	23
15	10	24
15	11	25
15	12	26
15	13	27
15	14	28
15	15	0
15	16	1
15	17	2
15	18	3
15	19	4
15	20	5
15	21	6
15	22	7
15	23	8
15	24	9
15	25	10
15	26	11
15	27	12
15	28	13
16	0	13
16	1	14
16	2	15
16	3	16
16	4	17
16	5	18
16	6	19
16	7	20
16	8	21
16	9	22
16	10	23
16	11	24
16	12	25
16	13	26
16	14	27
16	15	28
16	16	0
16	17	1
16	18	2
16	19	3
16	20	4
16	21	5
16	22	6
16	23	7
16	24	8
16	25	9
16	26	10
16	27	11
16	28	12
17	0	12
17	1	13
17	2	14
17	3	15
17	4	16
17	5	17
17	6	18
17	7	19
17	8	20
17	9	21
17	10	22
17	11	23
17	12	24
17	13	25
17	14	26
17	15	27
17	16	28
17	17	0
17	18	1
17	19	2
17	20	3
17	21	4
17	22	5
17	23	6
17	24	7
17	25	8
17	26	9
17	27	10
17	28	11
18	0	11
18	1	12
18	2	13
18	3	14
18	4	15
18	5	16
18	6	17
18	7	18
18	8	19
18	9	20
18	10	21
18	11	22
18	12	23
18	13	24
18	14	25
18	15	26
18	16	27
18	17	28
18	18	0
18	19	1
18	20	2
18	21	3
18	22	4
18	23	5
18	24	6
18	25	7
18	26	8
18	27	9
18	28	10
19	0	10
19	1	11
19	2	12
19	3	13
19	4	14
19	5	15
19	6	16
19	7	17
19	8	18
19	9	19
19	10	20
19	11	21
19	12	22
19	13	23
19	14	24
19	15	25
19	16	26
19	17	27
19	18	28
19	19	0
19	20	1
19	21	2
19	22	3
19	23	4
19	24	5
19	25	6
19	26	7
19	27	8
19	28	9
20	0	9
20	1	10
20	2	11
20	3	12
20	4	13
20	5	14
20	6	15
20	7	16
20	8	17
20	9	18
20	10	19
20	11	20
20	12	21
20	13	22
20	14	23
20	15	24
20	16	25
20	17	26
20	18	27
20	19	28
20	20	0
20	21	1
20	22	2
20	23	3
20	24	4
20	25	5
20	26	6
20	27	7
20	28	8
21	0	8
21	1	9
21	2	10
21	3	11
21	4	12
21	5	13
21	6	14
21	7	15
21	8	16
21	9	17
21	10	18
21	11	19
21	12	20
21	13	21
21	14	22
21	15	23
21	16	24
21	17	25
21	18	26
21	19	27
21	20	28
21	21	0
21	22	1
21	23	2
21	24	3
21	25	4
21	26	5
21	27	6
21	28	7
22	0	7
22	1	8
22	2	9
22	3	10
22	4	11
22	5	12
22	6	13
22	7	14
22	8	15
22	9	16
22	10	17
22	11	18
22	12	19
22	13	20
22	14	21
22	15	22
22	16	23
22	17	24
22	18	25
22	19	26
22	20	27
22	21	28
22	22	0
22	23	1
22	24	2
22	25	3
22	26	4
22	27	5
22	28	6
23	0	6
23	1	7
23	2	8
23	3	9
23	4	10
23	5	11
23	6	12
23	7	13
23	8	14
23	9	15
23	10	16
23	11	17
23	12	18
23	13	19
23	14	20
23	15	21
23	16	22
23	17	23
23	18	24
23	19	25
23	20	26
23	21	27
23	22	28
23	23	0
23	24	1
23	25	2
23	26	3
23	27	4
23	28	5
24	0	5
24	1	6
24	2	7
24	3	8
24	4	9
24	5	10
24	6	11
24	7	12
24	8	13
24	9	14
24	10	15
24	11	16
24	12	17
24	13	18
24	14	19
24	15	20
24	16	21
24	17	22
24	18	23
24	19	24
24	20	25
24	21	26
24	22	27
24	23	28
24	24	0
24	25	1
24	26	2
24	27	3
24	28	4
25	0	4
25	1	5
25	2	6
25	3	7
25	4	8
25	5	9
25	6	10
25	7	11
25	8	12
25	9	13
25	10	14
25	11	15
25	12	16
25	13	17
25	14	18
25	15	19
25	16	20
25	17	21
25	18	22
25	19	23
25	20	24
25	21	25
25	22	26
25	23	27
25	24	28
25	25	0
25	26	1
25	27	2
25	28	3
26	0	3
26	1	4
26	2	5
26	3	6
26	4	7
26	5	8
26	6	9
26	7	10
26	8	11
26	9	12
26	10	13
26	11	14
26	12	15
26	13	16
26	14	17
26	15	18
26	16	19
26	17	20
26	18	21
26	19	22
26	20	23
26	21	24
26	22	25
26	23	26
26	24	27
26	25	28
26	26	0
26	27	1
26	28	2
27	0	2
27	1	3
27	2	4
27	3	5
27	4	6
27	5	7
27	6	8
27	7	9
27	8	10
27	9	11
27	10	12
27	11	13
27	12	14
27	13	15
27	14	16
27	15	17
27	16	18
27	17	19
27	18	20
27	19	21
27	20	22
27	21	23
27	22	24
27	23	25
27	24	26
27	25	27
27	26	28
27	27	0
27	28	1
28	0	1
28	1	2
28	2	3
28	3	4
28	4	5
28	5	6
28	6	7
28	7	8
28	8	9
28	9	10
28	10	11
28	11	12
28	12	13
28	13	14
28	14	15
28	15	16
28	16	17
28	17	18
28	18	19
28	19	20
28	20	21
28	21	22
28	22	23
28	23	24
28	24	25
28	25	26
28	26	27
28	27	28
28	28	0