0	0	False
0	1	0
0	2	0
0	3	0
0	4	0
0	5	0
0	6	0
0	7	0
0	8	0
0	9	0
0	10	0
0	11	0
0	12	0
0	13	0
0	14	0
0	15	0
0	16	0
0	17	0
0	18	0
0	19	0
0	20	0
0	21	0
0	22	0
0	23	0
0	24	0
0	25	0
0	26	0
0	27	0
0	28	0
1	0	False
1	1	1
1	2	15
1	3	10
1	4	22
1	5	6
1	6	5
1	7	25
1	8	11
1	9	13
1	10	3
1	11	8
1	12	17
1	13	9
1	14	27
1	15	2
1	16	20
1	17	12
1	18	21
1	19	26
1	20	16
1	21	18
1	22	4
1	23	24
1	24	23
1	25	7
1	26	19
1	27	14
1	28	28
2	0	False
2	1	2
2	2	1
2	3	20
2	4	15
2	5	12
2	6	10
2	7	21
2	8	22
2	9	26
2	10	6
2	11	16
2	12	5
2	13	18
2	14	25
2	15	4
2	16	11
2	17	24
2	18	13
2	19	23
2	20	3
2	21	7
2	22	8
2	23	19
2	24	17
2	25	14
2	26	9
2	27	28
2	28	27
3	0	False
3	1	3
3	2	16
3	3	1
3	4	8
3	5	18
3	6	15
3	7	17
3	8	4
3	9	10
3	10	9
3	11	24
3	12	22
3	13	27
3	14	23
3	15	6
3	16	2
3	17	7
3	18	5
3	19	20
3	20	19
3	21	25
3	22	12
3	23	14
3	24	11
3	25	21
3	26	28
3	27	13
3	28	26
4	0	False
4	1	4
4	2	2
4	3	11
4	4	1
4	5	24
4	6	20
4	7	13
4	8	15
4	9	23
4	10	12
4	11	3
4	12	10
4	13	7
4	14	21
4	15	8
4	16	22
4	17	19
4	18	26
4	19	17
4	20	6
4	21	14
4	22	16
4	23	9
4	24	5
4	25	28
4	26	18
4	27	27
4	28	25
5	0	False
5	1	5
5	2	17
5	3	21
5	4	23
5	5	1
5	6	25
5	7	9
5	8	26
5	9	7
5	10	15
5	11	11
5	12	27
5	13	16
5	14	19
5	15	10
5	16	13
5	17	2
5	18	18
5	19	14
5	20	22
5	21	3
5	22	20
5	23	4
5	24	28
5	25	6
5	26	8
5	27	12
5	28	24
6	0	False
6	1	6
6	2	3
6	3	2
6	4	16
6	5	7
6	6	1
6	7	5
6	8	8
6	9	20
6	10	18
6	11	19
6	12	15
6	13	25
6	14	17
6	15	12
6	16	4
6	17	14
6	18	10
6	19	11
6	20	9
6	21	21
6	22	24
6	23	28
6	24	22
6	25	13
6	26	27
6	27	26
6	28	23
7	0	False
7	1	7
7	2	18
7	3	12
7	4	9
7	5	13
7	6	6
7	7	1
7	8	19
7	9	4
7	10	21
7	11	27
7	12	3
7	13	5
7	14	15
7	15	14
7	16	24
7	17	26
7	18	2
7	19	8
7	20	25
7	21	10
7	22	28
7	23	23
7	24	16
7	25	20
7	26	17
7	27	11
7	28	22
8	0	False
8	1	8
8	2	4
8	3	22
8	4	2
8	5	19
8	6	11
8	7	26
8	8	1
8	9	17
8	10	24
8	11	6
8	12	20
8	13	14
8	14	13
8	15	16
8	16	15
8	17	9
8	18	23
8	19	5
8	20	12
8	21	28
8	22	3
8	23	18
8	24	10
8	25	27
8	26	7
8	27	25
8	28	21
9	0	False
9	1	9
9	2	19
9	3	3
9	4	24
9	5	25
9	6	16
9	7	22
9	8	12
9	9	1
9	10	27
9	11	14
9	12	8
9	13	23
9	14	11
9	15	18
9	16	6
9	17	21
9	18	15
9	19	2
9	20	28
9	21	17
9	22	7
9	23	13
9	24	4
9	25	5
9	26	26
9	27	10
9	28	20
10	0	False
10	1	10
10	2	5
10	3	13
10	4	17
10	5	2
10	6	21
10	7	18
10	8	23
10	9	14
10	10	1
10	11	22
10	12	25
10	13	3
10	14	9
10	15	20
10	16	26
10	17	4
10	18	7
10	19	28
10	20	15
10	21	6
10	22	11
10	23	8
10	24	27
10	25	12
10	26	16
10	27	24
10	28	19
11	0	False
11	1	11
11	2	20
11	3	23
11	4	10
11	5	8
11	6	26
11	7	14
11	8	5
11	9	27
11	10	4
11	11	1
11	12	13
11	13	12
11	14	7
11	15	22
11	16	17
11	17	16
11	18	28
11	19	25
11	20	2
11	21	24
11	22	15
11	23	3
11	24	21
11	25	19
11	26	6
11	27	9
11	28	18
12	0	False
12	1	12
12	2	6
12	3	4
12	4	3
12	5	14
12	6	2
12	7	10
12	8	16
12	9	11
12	10	7
12	11	9
12	12	1
12	13	21
12	14	5
12	15	24
12	16	8
12	17	28
12	18	20
12	19	22
12	20	18
12	21	13
12	22	19
12	23	27
12	24	15
12	25	26
12	26	25
12	27	23
12	28	17
13	0	False
13	1	13
13	2	21
13	3	14
13	4	25
13	5	20
13	6	7
13	7	6
13	8	27
13	9	24
13	10	10
13	11	17
13	12	18
13	13	1
13	14	3
13	15	26
13	16	28
13	17	11
13	18	12
13	19	19
13	20	5
13	21	2
13	22	23
13	23	22
13	24	9
13	25	4
13	26	15
13	27	8
13	28	16
14	0	False
14	1	14
14	2	7
14	3	24
14	4	18
14	5	26
14	6	12
14	7	2
14	8	9
14	9	8
14	10	13
14	11	25
14	12	6
14	13	10
14	14	1
14	15	28
14	16	19
14	17	23
14	18	4
14	19	16
14	20	21
14	21	20
14	22	27
14	23	17
14	24	3
14	25	11
14	26	5
14	27	22
14	28	15
15	0	False
15	1	15
15	2	22
15	3	5
15	4	11
15	5	3
15	6	17
15	7	27
15	8	20
15	9	21
15	10	16
15	11	4
15	12	23
15	13	19
15	14	28
15	15	1
15	16	10
15	17	6
15	18	25
15	19	13
15	20	8
15	21	9
15	22	2
15	23	12
15	24	26
15	25	18
15	26	24
15	27	7
15	28	14
16	0	False
16	1	16
16	2	8
16	3	15
16	4	4
16	5	9
16	6	22
16	7	23
16	8	2
16	9	5
16	10	19
16	11	12
16	12	11
16	13	28
16	14	26
16	15	3
16	16	1
16	17	18
16	18	17
16	19	10
16	20	24
16	21	27
16	22	6
16	23	7
16	24	20
16	25	25
16	26	14
16	27	21
16	28	13
17	0	False
17	1	17
17	2	23
17	3	25
17	4	26
17	5	15
17	6	27
17	7	19
17	8	13
17	9	18
17	10	22
17	11	20
17	12	28
17	13	8
17	14	24
17	15	5
17	16	21
17	17	1
17	18	9
17	19	7
17	20	11
17	21	16
17	22	10
17	23	2
17	24	14
17	25	3
17	26	4
17	27	6
17	28	12
18	0	False
18	1	18
18	2	9
18	3	6
18	4	19
18	5	21
18	6	3
18	7	15
18	8	24
18	9	2
18	10	25
18	11	28
18	12	16
18	13	17
18	14	22
18	15	7
18	16	12
18	17	13
18	18	1
18	19	4
18	20	27
18	21	5
18	22	14
18	23	26
18	24	8
18	25	10
18	26	23
18	27	20
18	28	11
19	0	False
19	1	19
19	2	24
19	3	16
19	4	12
19	5	27
19	6	8
19	7	11
19	8	6
19	9	15
19	10	28
19	11	7
19	12	4
19	13	26
19	14	20
19	15	9
19	16	3
19	17	25
19	18	22
19	19	1
19	20	14
19	21	23
19	22	18
19	23	21
19	24	2
19	25	17
19	26	13
19	27	5
19	28	10
20	0	False
20	1	20
20	2	10
20	3	26
20	4	5
20	5	4
20	6	13
20	7	7
20	8	17
20	9	28
20	10	2
20	11	15
20	12	21
20	13	6
20	14	18
20	15	11
20	16	23
20	17	8
20	18	14
20	19	27
20	20	1
20	21	12
20	22	22
20	23	16
20	24	25
20	25	24
20	26	3
20	27	19
20	28	9
21	0	False
21	1	21
21	2	25
21	3	7
21	4	27
21	5	10
21	6	18
21	7	3
21	8	28
21	9	12
21	10	5
21	11	23
21	12	9
21	13	15
21	14	16
21	15	13
21	16	14
21	17	20
21	18	6
21	19	24
21	20	17
21	21	1
21	22	26
21	23	11
21	24	19
21	25	2
21	26	22
21	27	4
21	28	8
22	0	False
22	1	22
22	2	11
22	3	17
22	4	20
22	5	16
22	6	23
22	7	28
22	8	10
22	9	25
22	10	8
22	11	2
22	12	26
22	13	24
22	14	14
22	15	15
22	16	5
22	17	3
22	18	27
22	19	21
22	20	4
22	21	19
22	22	1
22	23	6
22	24	13
22	25	9
22	26	12
22	27	18
22	28	7
23	0	False
23	1	23
23	2	26
23	3	27
23	4	13
23	5	22
23	6	28
23	7	24
23	8	21
23	9	9
23	10	11
23	11	10
23	12	14
23	13	4
23	14	12
23	15	17
23	16	25
23	17	15
23	18	19
23	19	18
23	20	20
23	21	8
23	22	5
23	23	1
23	24	7
23	25	16
23	26	2
23	27	3
23	28	6
24	0	False
24	1	24
24	2	12
24	3	8
24	4	6
24	5	28
24	6	4
24	7	20
24	8	3
24	9	22
24	10	14
24	11	18
24	12	2
24	13	13
24	14	10
24	15	19
24	16	16
24	17	27
24	18	11
24	19	15
24	20	7
24	21	26
24	22	9
24	23	25
24	24	1
24	25	23
24	26	21
24	27	17
24	28	5
25	0	False
25	1	25
25	2	27
25	3	18
25	4	28
25	5	5
25	6	9
25	7	16
25	8	14
25	9	6
25	10	17
25	11	26
25	12	19
25	13	22
25	14	8
25	15	21
25	16	7
25	17	10
25	18	3
25	19	12
25	20	23
25	21	15
25	22	13
25	23	20
25	24	24
25	25	1
25	26	11
25	27	2
25	28	4
26	0	False
26	1	26
26	2	13
26	3	28
26	4	21
26	5	11
26	6	14
26	7	12
26	8	25
26	9	19
26	10	20
26	11	5
26	12	7
26	13	2
26	14	6
26	15	23
26	16	27
26	17	22
26	18	24
26	19	9
26	20	10
26	21	4
26	22	17
26	23	15
26	24	18
26	25	8
26	26	1
26	27	16
26	28	3
27	0	False
27	1	27
27	2	28
27	3	9
27	4	14
27	5	17
27	6	19
27	7	8
27	8	7
27	9	3
27	10	23
27	11	13
27	12	24
27	13	11
27	14	4
27	15	25
27	16	18
27	17	5
27	18	16
27	19	6
27	20	26
27	21	22
27	22	21
27	23	10
27	24	12
27	25	15
27	26	20
27	27	1
27	28	2
28	0	False
28	1	28
28	2	14
28	3	19
28	4	7
28	5	23
28	6	24
28	7	4
28	8	18
28	9	16
28	10	26
28	11	21
28	12	12
28	13	20
28	14	2
28	15	27
28	16	9
28	17	17
28	18	8
28	19	3
28	20	13
28	21	11
28	22	25
28	23	5
28	24	6
28	25	22
28	26	10
28	27	15
28	28	1