0 0 0
0 1 28
0 2 27
0 3 26
0 4 25
0 5 24
0 6 23
0 7 22
0 8 21
0 9 20
0 10 19
0 11 18
0 12 17
0 13 16
0 14 15
0 15 14
0 16 13
0 17 12
0 18 11
0 19 10
0 20 9
0 21 8
0 22 7
0 23 6
0 24 5
0 25 4
0 26 3
0 27 2
0 28 1
1 0 1
1 1 0
1 2 28
1 3 27
1 4 26
1 5 25
1 6 24
1 7 23
1 8 22
1 9 21
1 10 20
1 11 19
1 12 18
1 13 17
1 14 16
1 15 15
1 16 14
1 17 13
1 18 12
1 19 11
1 20 10
1 21 9
1 22 8
1 23 7
1 24 6
1 25 5
1 26 4
1 27 3
1 28 2
2 0 2
2 1 1
2 2 0
2 3 28
2 4 27
2 5 26
2 6 25
2 7 24
2 8 23
2 9 22
2 10 21
2 11 20
2 12 19
2 13 18
2 14 17
2 15 16
2 16 15
2 17 14
2 18 13
2 19 12
2 20 11
2 21 10
2 22 9
2 23 8
2 24 7
2 25 6
2 26 5
2 27 4
2 28 3
3 0 3
3 1 2
3 2 1
3 3 0
3 4 28
3 5 27
3 6 26
3 7 25
3 8 24
3 9 23
3 10 22
3 11 21
3 12 20
3 13 19
3 14 18
3 15 17
3 16 16
3 17 15
3 18 14
3 19 13
3 20 12
3 21 11
3 22 10
3 23 9
3 24 8
3 25 7
3 26 6
3 27 5
3 28 4
4 0 4
4 1 3
4 2 2
4 3 1
4 4 0
4 5 28
4 6 27
4 7 26
4 8 25
4 9 24
4 10 23
4 11 22
4 12 21
4 13 20
4 14 19
4 15 18
4 16 17
4 17 16
4 18 15
4 19 14
4 20 13
4 21 12
4 22 11
4 23 10
4 24 9
4 25 8
4 26 7
4 27 6
4 28 5
5 0 5
5 1 4
5 2 3
5 3 2
5 4 1
5 5 0
5 6 28
5 7 27
5 8 26
5 9 25
5 10 24
5 11 23
5 12 22
5 13 21
5 14 20
5 15 19
5 16 18
5 17 17
5 18 16
5 19 15
5 20 14
5 21 13
5 22 12
5 23 11
5 24 10
5 25 9
5 26 8
5 27 7
5 28 6
6 0 6
6 1 5
6 2 4
6 3 3
6 4 2
6 5 1
6 6 0
6 7 28
6 8 27
6 9 26
6 10 25
6 11 24
6 12 23
6 13 22
6 14 21
6 15 20
6 16 19
6 17 18
6 18 17
6 19 16
6 20 15
6 21 14
6 22 13
6 23 12
6 24 11
6 25 10
6 26 9
6 27 8
6 28 7
7 0 7
7 1 6
7 2 5
7 3 4
7 4 3
7 5 2
7 6 1
7 7 0
7 8 28
7 9 27
7 10 26
7 11 25
7 12 24
7 13 23
7 14 22
7 15 21
7 16 20
7 17 19
7 18 18
7 19 17
7 20 16
7 21 15
7 22 14
7 23 13
7 24 12
7 25 11
7 26 10
7 27 9
7 28 8
8 0 8
8 1 7
8 2 6
8 3 5
8 4 4
8 5 3
8 6 2
8 7 1
8 8 0
8 9 28
8 10 27
8 11 26
8 12 25
8 13 24
8 14 23
8 15 22
8 16 21
8 17 20
8 18 19
8 19 18
8 20 17
8 21 16
8 22 15
8 23 14
8 24 13
8 25 12
8 26 11
8 27 10
8 28 9
9 0 9
9 1 8
9 2 7
9 3 6
9 4 5
9 5 4
9 6 3
9 7 2
9 8 1
9 9 0
9 10 28
9 11 27
9 12 26
9 13 25
9 14 24
9 15 23
9 16 22
9 17 21
9 18 20
9 19 19
9 20 18
9 21 17
9 22 16
9 23 15
9 24 14
9 25 13
9 26 12
9 27 11
9 28 10
10 0 10
10 1 9
10 2 8
10 3 7
10 4 6
10 5 5
10 6 4
10 7 3
10 8 2
10 9 1
10 10 0
10 11 28
10 12 27
10 13 26
10 14 25
10 15 24
10 16 23
10 17 22
10 18 21
10 19 20
10 20 19
10 21 18
10 22 17
10 23 16
10 24 15
10 25 14
10 26 13
10 27 12
10 28 11
11 0 11
11 1 10
11 2 9
11 3 8
11 4 7
11 5 6
11 6 5
11 7 4
11 8 3
11 9 2
11 10 1
11 11 0
11 12 28
11 13 27
11 14 26
11 15 25
11 16 24
11 17 23
11 18 22
11 19 21
11 20 20
11 21 19
11 22 18
11 23 17
11 24 16
11 25 15
11 26 14
11 27 13
11 28 12
12 0 12
12 1 11
12 2 10
12 3 9
12 4 8
12 5 7
12 6 6
12 7 5
12 8 4
12 9 3
12 10 2
12 11 1
12 12 0
12 13 28
12 14 27
12 15 26
12 16 25
12 17 24
12 18 23
12 19 22
12 20 21
12 21 20
12 22 19
12 23 18
12 24 17
12 25 16
12 26 15
12 27 14
12 28 13
13 0 13
13 1 12
13 2 11
13 3 10
13 4 9
13 5 8
13 6 7
13 7 6
13 8 5
13 9 4
13 10 3
13 11 2
13 12 1
13 13 0
13 14 28
13 15 27
13 16 26
13 17 25
13 18 24
13 19 23
13 20 22
13 21 21
13 22 20
13 23 19
13 24 18
13 25 17
13 26 16
13 27 15
13 28 14
14 0 14
14 1 13
14 2 12
14 3 11
14 4 10
14 5 9
14 6 8
14 7 7
14 8 6
14 9 5
14 10 4
14 11 3
14 12 2
14 13 1
14 14 0
14 15 28
14 16 27
14 17 26
14 18 25
14 19 24
14 20 23
14 21 22
14 22 21
14 23 20
14 24 19
14 25 18
14 26 17
14 27 16
14 28 15
15 0 15
15 1 14
15 2 13
15 3 12
15 4 11
15 5 10
15 6 9
15 7 8
15 8 7
15 9 6
15 10 5
15 11 4
15 12 3
15 13 2
15 14 1
15 15 0
15 16 28
15 17 27
15 18 26
15 19 25
15 20 24
15 21 23
15 22 22
15 23 21
15 24 20
15 25 19
15 26 18
15 27 17
15 28 16
16 0 16
16 1 15
16 2 14
16 3 13
16 4 12
16 5 11
16 6 10
16 7 9
16 8 8
16 9 7
16 10 6
16 11 5
16 12 4
16 13 3
16 14 2
16 15 1
16 16 0
16 17 28
16 18 27
16 19 26
16 20 25
16 21 24
16 22 23
16 23 22
16 24 21
16 25 20
16 26 19
16 27 18
16 28 17
17 0 17
17 1 16
17 2 15
17 3 14
17 4 13
17 5 12
17 6 11
17 7 10
17 8 9
17 9 8
17 10 7
17 11 6
17 12 5
17 13 4
17 14 3
17 15 2
17 16 1
17 17 0
17 18 28
17 19 27
17 20 26
17 21 25
17 22 24
17 23 23
17 24 22
17 25 21
17 26 20
17 27 19
17 28 18
18 0 18
18 1 17
18 2 16
18 3 15
18 4 14
18 5 13
18 6 12
18 7 11
18 8 10
18 9 9
18 10 8
18 11 7
18 12 6
18 13 5
18 14 4
18 15 3
18 16 2
18 17 1
18 18 0
18 19 28
18 20 27
18 21 26
18 22 25
18 23 24
18 24 23
18 25 22
18 26 21
18 27 20
18 28 19
19 0 19
19 1 18
19 2 17
19 3 16
19 4 15
19 5 14
19 6 13
19 7 12
19 8 11
19 9 10
19 10 9
19 11 8
19 12 7
19 13 6
19 14 5
19 15 4
19 16 3
19 17 2
19 18 1
19 19 0
19 20 28
19 21 27
19 22 26
19 23 25
19 24 24
19 25 23
19 26 22
19 27 21
19 28 20
20 0 20
20 1 19
20 2 18
20 3 17
20 4 16
20 5 15
20 6 14
20 7 13
20 8 12
20 9 11
20 10 10
20 11 9
20 12 8
20 13 7
20 14 6
20 15 5
20 16 4
20 17 3
20 18 2
20 19 1
20 20 0
20 21 28
20 22 27
20 23 26
20 24 25
20 25 24
20 26 23
20 27 22
20 28 21
21 0 21
21 1 20
21 2 19
21 3 18
21 4 17
21 5 16
21 6 15
21 7 14
21 8 13
21 9 12
21 10 11
21 11 10
21 12 9
21 13 8
21 14 7
21 15 6
21 16 5
21 17 4
21 18 3
21 19 2
21 20 1
21 21 0
21 22 28
21 23 27
21 24 26
21 25 25
21 26 24
21 27 23
21 28 22
22 0 22
22 1 21
22 2 20
22 3 19
22 4 18
22 5 17
22 6 16
22 7 15
22 8 14
22 9 13
22 10 12
22 11 11
22 12 10
22 13 9
22 14 8
22 15 7
22 16 6
22 17 5
22 18 4
22 19 3
22 20 2
22 21 1
22 22 0
22 23 28
22 24 27
22 25 26
22 26 25
22 27 24
22 28 23
23 0 23
23 1 22
23 2 21
23 3 20
23 4 19
23 5 18
23 6 17
23 7 16
23 8 15
23 9 14
23 10 13
23 11 12
23 12 11
23 13 10
23 14 9
23 15 8
23 16 7
23 17 6
23 18 5
23 19 4
23 20 3
23 21 2
23 22 1
23 23 0
23 24 28
23 25 27
23 26 26
23 27 25
23 28 24
24 0 24
24 1 23
24 2 22
24 3 21
24 4 20
24 5 19
24 6 18
24 7 17
24 8 16
24 9 15
24 10 14
24 11 13
24 12 12
24 13 11
24 14 10
24 15 9
24 16 8
24 17 7
24 18 6
24 19 5
24 20 4
24 21 3
24 22 2
24 23 1
24 24 0
24 25 28
24 26 27
24 27 26
24 28 25
25 0 25
25 1 24
25 2 23
25 3 22
25 4 21
25 5 20
25 6 19
25 7 18
25 8 17
25 9 16
25 10 15
25 11 14
25 12 13
25 13 12
25 14 11
25 15 10
25 16 9
25 17 8
25 18 7
25 19 6
25 20 5
25 21 4
25 22 3
25 23 2
25 24 1
25 25 0
25 26 28
25 27 27
25 28 26
26 0 26
26 1 25
26 2 24
26 3 23
26 4 22
26 5 21
26 6 20
26 7 19
26 8 18
26 9 17
26 10 16
26 11 15
26 12 14
26 13 13
26 14 12
26 15 11
26 16 10
26 17 9
26 18 8
26 19 7
26 20 6
26 21 5
26 22 4
26 23 3
26 24 2
26 25 1
26 26 0
26 27 28
26 28 27
27 0 27
27 1 26
27 2 25
27 3 24
27 4 23
27 5 22
27 6 21
27 7 20
27 8 19
27 9 18
27 10 17
27 11 16
27 12 15
27 13 14
27 14 13
27 15 12
27 16 11
27 17 10
27 18 9
27 19 8
27 20 7
27 21 6
27 22 5
27 23 4
27 24 3
27 25 2
27 26 1
27 27 0
27 28 28
28 0 28
28 1 27
28 2 26
28 3 25
28 4 24
28 5 23
28 6 22
28 7 21
28 8 20
28 9 19
28 10 18
28 11 17
28 12 16
28 13 15
28 14 14
28 15 13
28 16 12
28 17 11
28 18 10
28 19 9
28 20 8
28 21 7
28 22 6
28 23 5
28 24 4
28 25 3
28 26 2
28 27 1
28 28 0

